27358425
27115348
27087024
27536303
27528653
27191459
27687824
27390532
27443490
27539234
27632367
27384732
27263177
27662136
27701420
27900936
27568814
27943354
27669054
27948916
27784323
27623394
27522888
27878130
27009799
27185480
27787485
27159513
27355766
27725758
27971074
27433747
27188275
27451897
27750768
27483177
27086850
27769371
27510657
27775782
27774058
27540367
27513372
27737060
27127304
27753077
27353391
27408970
27285268
27465732
27553881
27598278
27506309
27961241
27740632
27855939
27274317
27165563
27394496
27636689
27172020
27492705
27802654
27596710
27559583
27994178
27198289
27449770
27983678
27106285
27150068
27079555
27441512
27930873
27080248
27728911
27269786
27276406
27318536
27600406
27336998
27699543
27323298
27789017
27361869
27655088
27890036
27821148
27350733
27436992
27850239
27642309
27694362
27021371
27182604
27579970
27770706
27499802
27542276
27571599
27657958
27879385
27460411
27477407
27039132
27062470
27977612
27648696
27354432
27938660
27857156
27793570
27063646
27015190
27488788
27102797
27298504
27140474
27691169
27383670
27180902
27301049
27375182
27734169
27131903
27897882
27838302
27109766
27764131
27198258
27934015
27584305
27493955
27358141
27327728
27540573
27227199
27712544
27479110
27236872
27407010
27075768
27965375
27636967
27980928
27138087
27475410
27324894
27026178
27054723
27947296
27580421
27191267
27328498
27371023
27799959
27263097
27865571
27220356
27561599
27457145
27434800
27545791
27515006
27946051
27614867
27353082
27846304
27675986
27687922
27471912
27312769
27469572
27586098
27250322
27686268
27922022
27801013
27432246
27971575
27312006
27214650
27852927
27898238
27122967
27542551
27091449
27773814
27548160
27686730
27533028
27631257
27338483
27982642
27737716
27463231
27564988
27810225
27649538
27856553
27339646
27220552
27120630
27854508
27470154
27753696
27905383
27414646
27268872
27937054
27057808
27243569
27573665
27045507
27407534
27681651
27211306
27056760
27818250
27668290
27926111
27948160
27761451
27389179
27298112
27317345
27253618
27116737
27621628
27273265
27560048
27210093
27960248
27593825
27815752
27060831
27380947
27703295
27482763
27779501
27851073
27957409
27883096
27715511
27336846
27789652
27331930
27745051
27093693
27912327
27520011
27822158
27436900
27617244
27297238
27288342
27540922
27372240
27814706
27283954
27838274
27312162
27319676
27517455
27790676
27424400
27177167
27290920
27964865
27142991
27244464
27380269
27848253
27512514
27220360
27187127
27952965
27951020
27902995
27118928
27376269
27584249
27631686
27130623
27896564
27504637
27054459
27495324
27142030
27479093
27100396
27437417
27757561
27613688
27340878
27233397
27077087
27003016
27286600
27823901
27386015
27107171
27144732
27915057
27564571
27801499
27533196
27565733
27506350
27620812
27138995
27790122
27099765
27113669
27683725
27075991
27711192
27902339
27133518
27375209
27130403
27187349
27201478
27230445
27274205
27983609
27856050
27146592
27945886
27126411
27747023
27149486
27444780
27927428
27150292
27244489
27594720
27967560
27906263
27267390
27519813
27969271
27874444
27228904
27618455
27005255
27856168
27060903
27844524
27658692
27661865
27254735
27986176
27133930
27298307
27277547
27902204
27363758
27338194
27532537
27409765
27804148
27419720
27247782
27786723
27735063
27414301
27532721
27350760
27020920
27860566
27730514
27748915
27913360
27820223
27963946
27146021
27451244
27109091
27453339
27287081
27317060
27108523
27585523
27532246
27153833
27136537
27629618
27506624
27053509
27808043
27417972
27439916
27395114
27255361
27709877
27254062
27972477
27216717
27627022
27995683
27271346
27404843
27463919
27735984
27166385
27927389
27104101
27029407
27588242
27094284
27704563
27304902
27816253
27862522
27309522
27904284
27407345
27241947
27200515
27145745
27961989
27512314
27915621
27496157
27214893
27800088
27204055
27327874
27264422
27685475
27323329
27562312
27236800
27646363
27348188
27116726
27977941
27860104
27583381
27927444
27538813
27557223
27019216
27522686
27544790
27392279
27983744
27740538
27005107
27664207
27186662
27785943
27247731
27326806
27270888
27308959
27794924
27143394
27543065
27958176
27019289
27071131
27896463
27037197
27208030
27462215
27619544
27039560
27057012
27224413
27576998
27958977
27956489
27649500
27228458
27403655
27903366
27648974
27597250
27622612
27135239
27097978
27469928
27903658
27888558
27040171
27756764
27081736
27697630
27480105
27737713
27987729
27027417
27130277
27372442
27048326
27171591
27313145
27498878