7863 1001 1004 1003
1000 1004 1004 1003
1004 1008 1004 1006
1000 1002 1000 1006
1002 1007 1005 1005
4635 1008 1004 1000
1000 1003 5782 1001
1004 1004 1005 1000
1001 1007 1001 1002
1001 1003 1006 1006
1004 1003 1001 1001
5777 1002 1006 1004
9330 1004 1003 1004
1007 1008 1007 1008
1008 1004 1002 1004
1008 1002 1007 1007
1004 3487 1002 1009
1000 1004 1004 4908
1006 1004 1001 1008
1004 1004 1003 1002
1004 1003 1000 1001
3910 1000 1000 1003
1002 1005 1006 1008
1008 1001 1001 1000
1000 1003 1009 6559
1002 1003 3442 1009
1009 1006 1003 1000
1004 1007 1004 1008
1004 1008 1001 1004
1003 1000 1001 1007
1001 1002 1000 1007
1004 1003 1002 9848
1006 1004 5166 1006
1001 1003 1008 1004
8687 1009 1002 1005
1003 8190 1008 1008
1001 1006 1007 1007
1005 1006 1006 1003
1009 1009 1008 1003
1009 1006 1007 1004
1001 1007 1004 1000
1005 1006 1009 4124
1001 1005 1005 1001
1007 1004 1002 2800
1002 1004 1003 1009
1001 1004 6658 1008
1000 1000 7930 1009
1002 4912 1004 1003
8051 1006 1007 1003
1009 1008 1005 1003