3626 3328
3634 2698
3615 2572
3817 2540
3587 2614
3782 2759
3666 3137
3705 3124
3716 2756
3930 2503
3653 2939
3598 2659
3785 3370
3526 2842
3941 2932
3812 3001
3833 3004
3700 3701
3669 2990
3517 2508
3519 3393
3958 3263
3700 3702
3995 2786
3676 3446
3729 2642
3597 2995
3980 3127
3950 2840
3856 2862
3541 3330
3894 3318
3912 2562
3593 2657
3933 2965
3878 2896
3777 3497
3558 2910
3810 2773
3700 2710
3985 3245
3864 3246
3611 2770
3710 2915
3948 2681
3771 2851
3993 3495
3939 2519
3530 2746
3535 3353
3877 2745
3504 3296
3509 2958
3965 2507
3570 3319
3670 2783
3693 2589
3591 3411
3699 3408
10 10
3775 2633
3802 2619
3507 2721
3602 3101
3740 3388
3776 3154
3936 3406
3665 3134
3635 3015
3790 2879
3910 2812
3858 3038
3960 2980
3986 3102
3845 3340
3897 2869
3787 3259
3735 2918
3644 3419
3592 3327
3836 2809
3682 3379
3690 2534
3925 3077
3646 3372
3618 2624
3734 3469
3685 2517
3713 3120
3582 2661
3663 2650
3616 3132
3655 3309
3963 2836
3862 2935
3938 2651
3987 2684
3745 2831
3617 2730
3906 3211
3943 3205
3928 2977
3624 2673
3557 2993
3533 3436
3607 3462
3901 2765
3869 3126
3972 2561
3613 3345
3689 3064
3748 3490
3563 3166
3815 3095
3594 2593
3709 3185
3687 2938
3503 3459
3959 3240
3723 2793
3946 2564
3929 2554
3804 3415
3573 2739
3567 2617
3940 2784
3525 3133
3819 2622
3772 2933
3866 3215
3596 3247
3518 2906
3715 2551
3555 3029
3981 2880
3539 2607
3973 3355
7198 3600
3851 2594
3524 3304
3770 2966
3934 3073
3953 3078
3915 3316
3759 3165
3870 3005
3799 3485
3904 3149
3749 2576
3574 3262
3546 2697
3839 2612
3920 3454
3625 3139
3672 3023
3657 3112
3581 3130
3794 3232
3742 3109
3924 2716
3636 2529
3523 2991
3868 2819
3542 2611
3501 3265
3989 3192
3937 2577
3707 3017
3793 2712
3622 3194
3905 3236
3739 2826
3977 3196
3922 2865
3752 2638
3637 2608
3891 3387
3935 3496
3697 3097
3550 3418
3994 2917
3743 3267
3561 3040
3531 3204
3825 3070
3552 2889
3756 2950
3502 2537
3917 3090
3579 2682
3876 3468
3575 2959
3564 3179
3586 2998
3566 2961
3511 3312
3967 3440
3554 2648
3731 2898
3818 2838
3797 3034
3706 3008
3945 2679
3874 2586
3918 2764
3603 3297
3673 2893
3610 2546
3631 3390
3620 3105
3983 3103
3658 2591
3656 3087
3536 2620
3652 3344
3521 3409
3714 3045
3703 2861
3544 3171
3890 3432
3921 2549
3881 3421
3515 3467
3837 3048
3532 3163
3909 2694
3813 3256
3875 3010
3640 3100
3872 2945
3576 3429
3898 2714
3718 3404
3528 2606
3814 2530
3854 2803
3565 3216
3889 2922
3527 2946
3849 3026
3857 3325
3982 2665
3671 3049
3774 3299
3969 3062
3882 2892
3664 2870
3911 3148
3694 3422
3702 3228
3807 2571
3827 3255
3806 2652
3795 3082
3919 3202
3765 2912
3899 3364
3824 3074
3629 3357
3859 2590
3614 3156
3999 3243
3895 3389
3609 3360
3923 2992
3811 2545
3667 2699
3861 2528
3722 2685
3553 2670
3568 2639
3604 3169
3927 2578
3788 2858
3952 3473
3796 3142
7202 3602
3955 3223
3520 3386
3551 2520
3947 2736
3755 3428
3577 3033
4000 2690
3766 2696
3700 3700
3538 2963
3650 3063
3821 3224
3907 3056
3513 3492
3873 3129
3684 3181
3589 2676
3691 2689
3843 3065
3572 2709
3654 2847
3997 3441
3627 3239
3961 2805
3867 2501
3962 3184
3681 3046
3956 3395
3744 2518
3762 2846
3830 3104
3580 2713
3809 3410
3648 3200
3692 3413
3559 3121
3863 2740
3623 3431
3547 3071
3606 2901
3608 2900
3908 2824
3719 3199
3949 3117
3957 2926
3808 3402
3822 2522
3976 1989
3975 3248
3661 3397
3680 3012
3733 3107
3643 2558
3628 2502
3883 2677
7200 3601
3556 2536
3506 2867
3571 3083
3659 2542
3668 3143
3820 3474
3545 2548
3954 2737
3662 3155
3789 3068
3848 2615
3826 3373
3724 2776
3803 3076
3914 3175
3720 3289
3632 3455
3964 2720
3726 3066
3828 3231
3621 3286
3852 2821
3688 2807
3832 3499
3612 2510
3831 2792
3534 2863
3976 2678
3885 3482
3966 3494
3737 3161
3758 2833
3583 2726
3865 3477
3505 2884
3887 2810
3932 2631
3543 2535
3712 2975
3732 3278
3599 3427
3595 3229
3842 2533
3926 3270
3816 3322
3996 3332
3974 2570
3750 2837
3913 3152
3651 3186
3683 2513
3931 3036
3753 2552
3746 3057
3751 3116
3649 2658
3757 3470
3971 2853
3768 3118
3639 2874
3780 2774
3998 2970
3779 2919
3633 3002
3896 2799
3886 2940
3736 3221
3846 2724
3698 2955
3880 2972
3893 3438
3829 2748
3879 3266
3838 2839
3514 2640
3645 2964
3674 2588
3562 2715
3641 2771
3721 3190
3840 3377
3660 2754
3730 3480
3642 3298
3605 3230
3970 2719
3516 2767
3835 3306
3988 3403
3548 2581
3585 2669
3942 3201
3764 3448
3696 3258
3783 2646
3991 2881
3522 3308
3800 2725
3677 2671
3529 3356
3760 2974
3741 3376
3711 3369
3847 3334
3678 3187
3679 3222
3601 2828
3823 3031
3978 3341
3537 2672
3600 2668
3754 3182
3725 3302
3902 2984
3792 3042
3855 3035
3647 2641
3695 2909
3916 2925
3951 2500
3791 3191
3590 2852
3892 2921
3979 3307
3747 2718
3560 3394
3884 2979
3990 3019
3786 3323
3630 3119
3578 3391
3701 2753
3769 3210
3763 2981
3853 2595
3619 3018
3510 3466
3708 2732
3549 3313
3588 3264
3781 2755
3903 2886
3850 3442
3727 2962
3728 3475
3860 2789
3767 2978
3984 3437
3798 3337
3584 3198
3717 3039
3540 3037
3675 3106
3569 3361
3944 3287
3900 2568
3888 3085
3704 2692
3778 2843
3871 3276
3968 2960
3784 3400
3992 2930
3512 2878
3841 3269
3805 3022
3761 2778
3638 2948
3801 2687