41 16 56 35
61 19 37 23
83 92 91 16
42 78 62 43
13 72 47 20
38 61 25 45
67 50 60 63
28 15 44 33
66 21 39 45
13 19 76 97
89 85 88 65
43 67 15 38
18 33 49 15
74 43 19 46
27 37 68 58
52 65 87 97
18 97 48 45
19 91 49 48
59 39 38 39
68 51 82 24
38 64 81 69
84 21 26 66
67 79 76 80
61 13 47 73
32 90 50 46
15 81 28 53
29 10 60 10
33 85 45 11
27 96 39 90
71 23 35 12
55 65 14 16
27 11 80 24
94 37 30 77
98 57 42 31
76 84 23 33
99 30 32 73
50 51 26 92
48 70 10 32
35 41 47 55
72 72 97 94
32 19 17 16
87 71 57 40
86 74 63 62
74 22 79 27
57 65 68 40
89 89 44 87
12 61 31 52
17 42 32 14
23 64 20 75
20 59 45 70
81 93 78 25
41 83 42 10
30 40 53 24
15 64 39 31
89 36 43 66
95 70 77 29
86 86 16 36
20 13 59 58
77 30 13 60
91 26 12 43
84 64 28 54
79 73 93 53
70 51 95 85
80 25 34 21
11 62 78 88
60 17 66 63
94 75 52 46
67 29 20 36
99 55 75 56
50 46 91 17
99 63 69 88
35 36 29 81
33 14 11 54
76 12 21 28
98 18 44 83
47 57 85 18
40 82 82 69
24 93 21 37
18 26 62 40
72 35 29 92
55 27 31 37
22 34 25 53
82 58 56 96
44 96 54 68
24 86 42 41
84 92 98 14
11 98 34 34
77 41 49 46
22 74 31 22
69 71 54 44
12 93 25 75
90 83 38 71
99 48 78 79
90 28 96 23
26 56 80 87
51 22 14 36
73 58 34 95
49 94 17 88
30 52 95 59