9206
7175
5378
2067
2136
4540
6867
1818
2904
2464
5176
3741
3059
1482
8061
2730
5916
5746
1516
8979
3308
8527
3493
6628
5428
2698
1898
2183
3249
6601
1578
2845
4555
3061
4573
7284
2381
9367
9391
2481
5321
5921
8982
3549
1065
2935
5830
5253
1038
9367
3494
1754
1067
7926
6489
1166
5140
9408
3616
1624
5011
2179
9001
7182
8584
7991
8503
3487
9632
3003
3084
7436
2513
4525
6886
4017
5575
8784
3737
7207
3778
9606
8427
7322
6789
7097
4982
8876
7439
6010
4168
7202
6271
5095
5317
8678
3387
6098
2276
1235
6076
6762
8080
9413
1394
6650
3585
9236
1480
2941
1136
2865
1935
3612
1060
1036
7513
6137
8188
2057
7015
5299
7785
2319
3893
2018
3588
9988
5289
2696
1146
6357
5057
4913
4994
6123
2820
4180
8889
4231
4924
2353
6045
8088
1771
6305
7612
7972
9762
6355
1233
9844
4659
3281
4688
4305
1142
9181
7495
4520
5903
2752
6757
6334
1251
8871
8798
8636
9338
3108
8483
1017
9456
2148
5125
2559
7875
1200
1389
7468
2605
9241
9440
1132
9014
6865
5891
7464
1999
6764
2697
6627
5043
4144
2834
5167
9380
1216
8579
3812